15
18
18
19
19
20
24
25
28
28
28
30
31
31
32
32
32
32
33
34
34
34
35
35
36
38
38
39
40
40
40
43
45
45
45
45
45
45
46
47
48
50
50
53
54
54
55
55
55
56
60
61
63
63
64
65
65
66
66
67
75
75
76
77
77
77
78
81
81
82
83
83
86
92
94
94
96
96
96
96
96
98
98
100
100
103
104
105
105
110
110
111
112
112
116
116
117
117
117
117
117
119
119
122
124
125
125
126
126
129
129
129
131
131
132
132
133
138
139
143
146
148
153
154
167
169
175
194
194
196
198
199
200
201
206
208
214
216
224
228
230
231
231
234
234
237
238
238
238
241
249
260
261
261
261
261
262
262
262
262
263
264
264
265
270
270
278
279
284
285
286
288
289
294
298
301
304
306
312
313
314
315
317
319
320
320
328
335
341
342
347
347
348
348
350
350
350
365
375
385
386
388
389
391
398
401
402
404
413
426
426
426
426
432
434
435
436
441
445
447
455
459
459
467
472
483
489
490
494
495
496
496
496
502
510
510
511
512
513
514
530
535
542
544
545
550
550
551
554
571
571
574
574
578
578
581
582
583
583
583
584
584
584
586
587
588
598
598
598
598
600
601
602
602
612
615
616
616
616
617
623
627
629
629
629
634
634
637
638
640
641
642
643
643
643
643
643
644
644
644
644
644
644
644
644
647
648
648
648
649
649
649
650
650
650
652
656
658
658
662
662
662
662
662
662
664
664
668
668
671
671
671
672
676
677
682
682
682
682
684
685
687
693
693
697
697
697
698
698
698
698
698
698
698
698
698
698
698
698
698
699
699
703
704
704
704
704
704
705
705
710
711
711
713
717
721
722
722
724
733
734
734
734
734
738
740
741
744
746
751
755
755
760
760
763
767
768
769
770
772
773
774
775
777
780
780
780
783
783
787
788
789
790
791
794
796
797
799
801
801
811
823
824
824
826
832
843
843
843
846
846
847
847
847
848
848
848
848
849
849
849
849
849
849
850
850
850
850
852
860
873
879
879
884
884
889
889
889
889
891
895
899
900
904
906
907
907
907
913
913
914
915
916
917
927
928
928
931
931
931
932
932
932
932
932
932
932
932
932
932
932
932
932
932
932
932
932
932
932
932
932
932
932
932
932
932
932
932
932
932
932
932
932
932
932
932
932
932
932
932
932
932
932
932
932
932
932
932
932
932
932
932
932
932
932
932
932
932
932
932
932
932
932
932
932
932
932
932
932
932
932
932
932
932
932
932
932
932
932
932
932
932
932
932
932
932
932
932
932
932
932
932
932
932
932
932
932
932
932
932
932
932
932
932
932
932
932
932
932
932
932
932
932
932
932
932
932
932
932
932
932
932
932
932
932
932
932
932
932
932
932
932
932
932
932
932
932
932
932
932
932
932
932
932
932
932
932
932
932
932
932
932
932
932
932
932
932
932
932
932
932
932
932
932
932
932
932
932
932
932
932
932
932
932
932
932
932
932
932
932
932
932
932
932
932
932
932
1014
1057
1102
1103
1127
1130
1130
1130
1235
1235
